(1, 'SpawnPoint', (576.0, -32.0))
(2, 'LevelEnd', [(288.0, -128.0), (416.0, -128.0), (416.0, 0.0), (288.0, 0.0)])
(10, 'Platform', [(0.0, -608.0), (256.0, -608.0), (256.0, -576.0), (96.0, -544.0)])
(9001, 'Platform', [(0.0, -32.0), (32.0, -416.0), (32.0, -32.0)])
(9002, 'Platform', [(256.0, -608.0), (640.0, -608.0), (640.0, -576.0), (256.0, -576.0)])
(9003, 'Platform', [(448.0, -576.0), (448.0, -512.0), (384.0, -544.0)])
(9004, 'Platform', [(512.0, -576.0), (512.0, -416.0), (448.0, -512.0), (448.0, -576.0)])
(9005, 'Platform', [(512.0, -576.0), (544.0, -576.0), (544.0, -352.0), (512.0, -416.0)])
(9006, 'Platform', [(544.0, -576.0), (576.0, -576.0), (576.0, -256.0), (544.0, -352.0)])
(9007, 'Platform', [(608.0, -576.0), (608.0, -128.0), (576.0, -256.0), (576.0, -576.0)])
(9008, 'Platform', [(608.0, -576.0), (640.0, -576.0), (640.0, 32.0), (608.0, -128.0)])
(9009, 'Platform', [(0.0, -480.0), (32.0, -480.0), (96.0, -544.0), (0.0, -608.0)])
(9010, 'Platform', [(0.0, -384.0), (32.0, -480.0), (0.0, -480.0)])
(9011, 'Platform', [(448.0, -576.0), (384.0, -544.0), (256.0, -576.0)])
(9012, 'Platform', [(320.0, 96.0), (544.0, -0.0), (96.0, -0.0)])
(9013, 'Platform', [(544.0, -0.0), (480.0, -224.0), (448.0, -224.0), (480.0, -0.0)])
(9014, 'Platform', [(448.0, -224.0), (224.0, -288.0), (416.0, -288.0), (480.0, -224.0)])
(9015, 'Platform', [(32.0, -288.0), (224.0, -288.0), (32.0, -32.0)])
(9016, 'Platform', [(32.0, -288.0), (96.0, -288.0), (32.0, -416.0)])
(9017, 'Platform', [(0.0, 96.0), (96.0, 0.0), (320.0, 96.0)])
(9018, 'Platform', [(448.0, -224.0), (480.0, -160.0), (352.0, -256.0)])
